4.26807
3.80986
4.65822
2.10439
7.52107
5.01202
3.8102
2.07226
6.7441
4.47699
6.65653
6.91148
2.98882
2.67372
8.63487
4.01213
6.06841
3.74184
6.74846
2.72371
2.17828
2.9745
3.93969
5.02372
3.06724
4.75483
2.17002
3.34142
2.51446
2.2621
4.05517
3.64808
2.46006
5.64424
2.30099
3.41118
6.69156
2.45717
4.5974
2.10595
3.61831
3.02953
2.49255
2.64563
3.38628
4.08721
2.50109
4.1724
4.88428
3.15608
4.12957
2.92503
2.28843
4.4367
3.99384
2.23466
9.11808
2.12631
2.2675
5.77619
4.56013
3.29174
2.76225
4.15041
2.7329
2.93513
6.99675
2.80504
4.95628
3.70111
2.69084
4.89722
7.91973
3.42797
4.69144
3.36108
2.8172
2.47604
2.19803
3.21066
4.25721
3.27685
4.63489
2.06453
3.13088
2.15391
2.51465
2.70879
4.23246
2.63116
2.11788
6.39748
4.92444
2.41757
2.04026
4.9967
3.33592
2.57765
4.35395
3.74144
2.37022
4.89295
2.62058
2.76201
2.80471
2.79073
2.31103
3.51842
2.29459
12.8109
4.14817
4.4897
3.38093
4.29624
6.48574
3.15253
2.40086
6.46318
3.20619
2.08924
2.3394
2.92584
2.15044
2.90881
2.77818
2.44849
2.64375
3.48876
2.82182
6.41691
2.40548
5.41483
5.26431
3.57514
2.84573
5.18276
8.65635
2.36263
2.29882
3.50219
2.50829
2.21862
8.90611
3.98699
3.17741
2.64674
2.91521
2.1198
6.22992
2.88246
3.14061
3.97305
2.91633
2.64395
2.00157
2.25332
2.69467
4.94958
4.18886
2.58511
6.91079
3.92022
5.30752
3.01322
3.10781
2.29051
2.40916
5.11772
3.05331
4.03034
2.75431
4.64564
3.2108
2.67041
3.92471
2.00523
2.65776
2.24338
4.2327
3.0113
2.72702
3.75626
2.49529
3.67837
6.15337
5.22877
3.15693
2.21464
2.22754
2.85952
2.48635
2.00912
2.12082
2.80168
2.06394
3.85743
4.14969
3.14429
3.32827
2.89003
2.63377
3.8014
4.49647
3.95131
3.98898
3.87167
3.04355
2.17882
2.57926
2.126
4.351
3.18715
2.75306
4.8084
2.00746
4.86656
13.4891
6.02527
3.61872
2.40069
2.04443
3.08799
2.38991
3.45184
4.53387
2.69132
2.99212
3.02843
3.36381
2.56294
3.27274
4.10872
3.804
3.85364
3.65685
3.38391
4.03678
10.2083
3.63122
13.1957
2.22396
9.70533
2.50289
3.3431
7.32472
2.31852
2.61461
3.19968
2.71962
2.37802
2.18262
2.49204
7.29417
4.92335
4.49294
2.7795
8.17904
4.47469
5.51022
2.33913
2.69855
2.85354
2.65424
3.90424
2.41641
3.57699
4.14825
3.66096
4.03226
2.05901
3.03359
2.91355
2.54768
3.67264
2.4052
2.83636
7.87626
4.41008
4.34818
7.84586
2.99934
4.47927
2.44947
8.40701
3.3778
6.81779
4.6643
3.00278
6.09004
10.4981
3.25444
4.07071
2.59158
4.07104
2.03045
2.38188
6.02796
2.44062
2.22707
6.50706
6.19099
4.9074
3.10981
2.1523
2.39162
2.49024
2.55674
3.88235
2.00119
4.00168
3.13394
2.97627
2.73505
6.31192
2.00413
3.89285
3.21686
5.52692
2.26786
2.67728
6.63039
2.9876
5.96193
2.90584
2.47342
2.03734
4.0748
2.73112
4.85618
2.05444
2.56307
4.53956
3.48688
4.86788
2.2435
3.23346
2.04888
3.26152
3.42945
2.16809
4.77374
2.64524
2.17045
3.61624
7.60244
3.69676
4.69369
6.36335
2.20025
5.80705
4.81503
2.41073
2.07803
2.94859
2.10047
2.53288
3.38035
2.84464
5.33968
3.93031
3.25806
3.14448
2.0919
10.2988
2.29385
4.7216
3.05393
3.55884
2.71624
2.32177
2.45963
5.62646
2.08618
2.15162
2.70432
5.62518
3.42402
4.11728
4.60881
2.75442
2.48463
5.88827
3.9443
2.65305
5.51646
6.30051
4.1578
3.47086
2.73321
4.22327
2.88793
4.77675
8.56886
2.42555
3.38366
2.6173
2.49155
2.90972
2.07316
4.61581
2.06604
4.52869
4.42682
11.5017
3.51565
3.94596
6.66539
10.1495
5.36314
8.14831
2.0183
4.09411
2.0572
5.19417
2.5098
2.85413
4.50654
3.38679
3.18715
2.39257
3.01622
2.15075
2.44744
2.44512
2.13201
2.19194
3.4651
3.86777
2.79396
3.34515
6.02433
2.56307
3.12711
3.50216
3.10446
4.83808
3.67583
3.53233
11.7221
3.83701
3.26396
3.41187
9.13018
4.43822
6.00013
3.61728
7.75393
2.96685
2.58801
7.67074
2.34722
2.32071
6.70682
4.21461
4.08005
5.23066
5.07639
8.10431
2.57362
2.73211
3.00238
2.81498
4.89014
4.70394
6.65301
3.72765
2.95806
2.93021
3.44714
4.18955
5.37125
2.47988
12.3642
2.14206
3.2568
3.02848
5.58603
7.52618
4.43588
5.20144
2.49676
2.40995
2.49465
3.65976
2.65982
3.56153
2.14205
2.57843
2.94655
6.38585
4.20391
3.60627
4.07562
3.17252
6.60781
3.53907
2.52484
7.6208
6.08459
2.86091
2.24246
5.3875
3.20566
2.09621
8.66191
2.2793
2.53873
4.11324
5.36199
2.82681
2.26849
2.31181
10.3971
7.1874
2.71095
2.31948
2.49507
3.19012
2.84666
5.68646
2.45807
5.34097
8.41488
4.73267
2.22502
3.50328
2.70045
2.98051
4.05307
4.54412
2.01165
3.41702
5.61625
2.03476
2.17084
2.33295
3.02261
3.4998
2.94276
2.3184
6.71341
8.12365
4.19594
3.41001
4.25672
3.81409
3.19829
3.47994
2.87109
3.61993
7.7477
3.83528
2.44314
2.93009
4.86768
2.61725
3.01877
3.68749
2.32502
3.82299
2.79172
2.37838
4.2881
4.46899
2.50939
3.08472
2.92556
2.45473
2.56004
2.82492
8.00541
4.3073
2.13042
6.33246
8.47981
5.08139
4.84635
3.49276
4.08374
4.35126
3.74981
2.10406
3.38854
7.18205
4.50494
2.37106
3.74529
5.51012
2.00005
3.1866
2.2445
5.97237
3.87215
4.82954
6.31712
2.12697
3.24194
2.2278
3.88899
3.46615
2.67832
3.55287
2.28945
4.30424
2.0484
3.02501
5.08166
3.05645
2.76825
2.60668
3.60875
2.95756
3.41758
7.69785
4.19821
3.52603
5.95525
2.08235
3.05402
8.57116
2.23825
3.94717
4.57036
2.43811
2.50049
2.66565
2.41296
4.98338
3.30019
2.40031
2.40595
4.71141
3.03652
8.50447
9.19
2.68995
4.92681
2.52295
3.45327
3.38257
6.50665
6.10074
4.02822
11.2058
4.36073
5.04138
11.3425
3.89854
8.89534
3.85158
3.61168
2.34898
3.9446
2.19273
3.28389
2.49521
5.37687
2.87484
7.38171
2.59139
2.33693
3.95076
4.89357
2.7627
2.38163
3.55216
2.74796
2.41344
4.34121
3.50865
2.13887
2.10833
2.56284
3.9441
3.24355
3.20564
2.82831
2.9826
2.08814
5.92969
7.41918
2.18717
5.85086
5.60639
3.7517
5.5042
2.90757
3.43487
2.71244
5.77124
2.82148
2.49411
3.87683
4.13709
3.24692
2.81367
4.79994
2.99621
2.34331
2.76081
6.11904
3.12806
4.9008
4.69106
2.83386
2.57493
3.48297
4.57477
2.59074
3.02126
7.34702
2.62412
7.68175
3.33855
3.20813
3.80219
3.6148
2.20577
5.41697
7.56402
4.04139
2.83431
2.88164
3.75505
5.57619
2.68667
2.20011
2.08198
2.9313
4.17082
5.53478
3.88194
8.55006
3.25628
2.24185
3.66826
2.49825
5.6387
3.57243
2.3983
3.02157
2.61898
4.8737
2.25434
2.50121
5.71905
6.36607
4.49095
2.34362
2.29691
6.39377
4.12322
2.37247
7.25205
2.71479
2.26659
4.95854
2.36391
7.0887
4.9
2.53614
4.68324
3.45673
3.33498
3.47461
6.51481
2.74389
3.46658
4.30886
2.28763
4.01629
2.06199
2.09497
6.56998
2.08297
3.19952
4.48399
4.51621
8.51639
3.85665
2.14939
2.80091
2.45593
3.97712
6.94192
5.1197
2.24329
2.60718
3.73747
5.76201
2.08976
2.81626
2.02187
3.07107
4.68663
5.25088
2.08173
2.37502
4.862
4.76221
2.14994
4.26134
5.12681
2.58957
2.53358
2.04825
2.56974
3.68169
2.6976
3.62821
6.70133
2.89359
3.75708
2.75921
2.22464
3.81858
3.14658
3.01322
3.64493
3.60997
2.18767
3.84282
6.41257
2.40887
2.86552
3.33787
3.79244
3.96991
5.39891
3.12681
4.73088
2.76072
10.5037
2.26926
4.0721
2.44246
2.16374
2.50963
2.3531
2.06993
4.52734
2.57303
2.27365
3.07893
3.51125
4.09164
3.71903
2.49718
6.60802
2.70491
2.01803
2.29152
2.05152
2.81869
9.21558
6.43113
2.35509
5.87382
3.15532
5.26115
4.24522
2.32403
10.6365
4.18767
7.88323
3.97645
2.41378
5.51873
3.09511
3.14703
3.60173
2.21332
2.57739
3.03815
2.79309
7.0664
4.49776
2.81077
4.12516
2.12024
7.87239
2.38755
3.06811
2.54621
2.51948
6.26671
4.51698
2.7205
4.00773
2.87797
5.72724
3.46058
3.10469
5.3881
2.49112
7.08335
2.6036
4.66915
3.21308
3.03964
3.60153
2.06105
2.84248
3.14838
3.91916
6.16723
2.7247
2.49154
3.79682
2.49766
3.2114
3.8332
4.20366
4.58629
4.69631
2.06541
2.83055
3.50952
4.45688
3.14526
2.15968
2.44157
2.18822
3.43727
3.90418
5.59308
6.54904
2.52112
2.84149
4.59571
2.77888
2.69239
4.65858
3.01631
3.92327
2.17504
3.99436
5.93446
3.20338
3.03348
5.31194
4.56625
3.30212
2.05905
5.34857
3.31923
2.17358
3.29007
4.35174
2.43721
2.3686
4.26505
4.04614
3.9937
3.14147
6.95113
6.14086
11.7488
3.8842
2.76628
2.59642
2.46233
8.32087
5.92282
4.355
2.0605
4.5257
2.64586
4.71219
3.35917
3.54847
2.49153
3.48043
5.17524
5.717
5.64193
5.07772
3.20345
2.38439
2.25387
2.06591
3.03365
2.38853
3.32889
4.24938
2.15541
3.09967
2.36636
5.29903
2.76669
3.18025
3.16477
2.09426
2.23213
4.06831
5.15297
2.4292
2.27178
4.31411
5.10073
